"service_id","date","exception_type"
1,20260406,2
1,20251210,2
1,20251211,2
1,20251225,2
1,20260101,2
1,20251212,2
1,20251226,2
1,20260102,2
2,20251210,1
2,20251211,1
2,20251212,1
3,20260406,2
3,20251210,2
3,20251211,2
3,20251212,2
3,20251213,2
4,20251210,1
4,20251211,1
4,20251212,1
4,20251213,1
5,20251210,2
5,20251211,2
5,20251212,2
5,20251213,2
6,20260406,1
6,20260111,2
6,20260118,2
6,20260125,2
6,20260201,2
6,20260208,2
6,20260215,2
6,20260222,2
6,20260301,2
6,20260308,2
6,20260405,2
8,20260406,1
9,20260109,1
9,20260116,1
9,20260123,1
9,20260130,1
9,20260206,1
9,20260213,1
9,20260220,1
9,20260227,1
9,20260306,1
10,20260406,2
10,20251225,2
10,20260101,2
10,20251226,2
10,20260109,2
10,20260116,2
10,20260123,2
10,20260130,2
10,20260206,2
10,20260213,2
10,20260220,2
11,20251213,1
12,20260406,1
12,20251225,1
12,20260101,1
12,20251226,1
12,20251213,2
13,20251210,2
13,20251211,2
13,20251212,2
14,20260105,1
14,20260223,1
14,20260106,1
14,20260224,1
14,20260107,1
14,20260108,1
14,20260109,1
15,20260105,2
15,20260223,2
15,20260106,2
15,20260224,2
15,20260107,2
15,20260108,2
15,20260109,2
16,20260406,2
16,20251214,2
16,20251221,2
16,20251228,2
16,20260104,2
16,20260315,2
16,20260322,2
16,20260329,2
16,20260412,2
16,20260419,2
16,20260426,2
17,20260406,1
18,20251213,2
19,20260105,2
19,20260106,2
19,20260107,2
19,20260108,2
19,20260109,2
20,20251220,1
20,20260103,1
21,20251216,1
21,20251217,1
21,20251218,1
21,20251219,1
21,20260102,1
22,20251215,2
22,20251216,2
22,20251210,2
22,20251217,2
22,20251211,2
22,20251218,2
22,20260101,2
22,20251212,2
22,20251219,2
22,20260102,2
23,20260216,1
23,20260217,1
23,20260218,1
23,20260219,1
23,20260220,1
24,20260216,2
24,20260406,2
24,20260217,2
24,20251210,2
24,20260218,2
24,20251211,2
24,20251225,2
24,20260101,2
24,20260219,2
24,20251212,2
24,20260220,2
25,20260216,1
25,20260217,1
25,20260218,1
25,20260219,1
25,20260220,1
25,20260214,1
25,20260221,1
26,20260216,2
26,20260406,2
26,20260217,2
26,20251210,2
26,20260218,2
26,20251211,2
26,20251225,2
26,20260101,2
26,20260219,2
26,20251212,2
26,20260220,2
26,20251213,2
26,20260214,2
26,20260221,2
27,20260216,2
27,20260406,2
27,20260217,2
27,20260218,2
27,20251225,2
27,20260101,2
27,20260219,2
27,20260220,2
28,20260214,1
28,20260221,1
29,20251213,2
29,20260214,2
29,20260221,2
30,20260216,1
30,20260217,1
30,20260218,1
30,20260219,1
30,20260220,1
30,20260214,1
30,20260221,1
30,20260215,1
30,20260222,1
31,20260216,2
31,20260217,2
31,20251210,2
31,20260218,2
31,20251211,2
31,20260219,2
31,20251212,2
31,20260220,2
31,20251213,2
31,20260214,2
31,20260221,2
31,20260215,2
31,20260222,2
32,20260216,2
32,20260406,2
32,20260217,2
32,20260218,2
32,20251225,2
32,20260101,2
32,20260219,2
32,20251226,2
32,20260220,2
33,20260216,2
33,20260217,2
33,20260218,2
33,20260219,2
33,20260220,2
33,20260214,2
33,20260221,2
33,20260215,2
33,20260222,2
34,20260406,2
34,20251218,2
34,20251225,2
34,20260101,2
35,20251218,1
36,20260406,1
36,20251225,1
36,20260101,1
36,20260214,2
36,20260221,2
36,20260215,2
36,20260222,2
37,20260214,1
37,20260221,1
37,20260215,1
37,20260222,1
38,20260216,2
38,20260217,2
38,20251210,2
38,20260218,2
38,20251211,2
38,20260219,2
38,20251212,2
38,20260220,2
38,20260215,2
38,20260222,2
39,20260216,1
39,20260217,1
39,20260218,1
39,20260219,1
39,20260220,1
39,20260215,1
39,20260222,1
40,20260216,2
40,20260217,2
40,20260218,2
40,20260219,2
40,20260220,2
40,20260215,2
40,20260222,2
41,20260215,1
41,20260222,1
42,20251225,1
42,20260101,1
42,20260215,2
42,20260222,2
43,20251225,1
43,20260101,1
43,20260214,2
43,20260221,2
43,20260215,2
43,20260222,2
44,20251225,1
44,20260101,1
44,20251213,2
44,20260214,2
44,20260221,2
44,20260215,2
44,20260222,2
45,20260214,2
45,20260221,2
46,20251222,2
46,20251229,2
46,20260216,2
46,20260406,2
46,20251223,2
46,20251230,2
46,20260217,2
46,20251224,2
46,20251231,2
46,20260218,2
46,20251225,2
46,20260101,2
46,20260219,2
46,20251226,2
46,20260102,2
46,20260220,2
47,20260216,2
47,20260406,2
47,20260217,2
47,20251210,2
47,20260218,2
47,20251211,2
47,20251225,2
47,20260101,2
47,20260219,2
47,20251212,2
47,20251226,2
47,20260220,2
48,20260216,2
48,20260406,2
48,20260217,2
48,20251210,2
48,20260218,2
48,20251211,2
48,20251225,2
48,20260101,2
48,20260219,2
48,20251212,2
48,20251226,2
48,20260220,2
48,20251213,2
48,20260214,2
48,20260221,2
49,20260406,2
49,20251210,2
49,20251211,2
49,20251225,2
49,20260101,2
49,20251212,2
49,20251226,2
50,20260406,1
50,20251225,1
50,20260101,1
50,20251226,1
50,20260214,2
50,20260221,2
50,20260215,2
50,20260222,2
51,20251222,2
51,20251229,2
51,20260216,2
51,20260406,2
51,20251223,2
51,20251230,2
51,20260217,2
51,20251210,2
51,20251224,2
51,20251231,2
51,20260218,2
51,20251211,2
51,20251225,2
51,20260101,2
51,20260219,2
51,20251212,2
51,20251226,2
51,20260102,2
51,20260220,2
52,20260406,2
52,20251210,2
52,20251211,2
52,20251218,2
52,20251225,2
52,20260101,2
52,20251212,2
52,20251226,2
53,20260216,2
53,20260406,2
53,20260217,2
53,20260218,2
53,20251225,2
53,20260101,2
53,20260219,2
53,20251226,2
53,20260220,2
53,20260214,2
53,20260221,2
54,20251222,2
54,20251229,2
54,20260216,2
54,20251223,2
54,20251230,2
54,20260217,2
54,20251210,2
54,20251224,2
54,20251231,2
54,20260218,2
54,20251211,2
54,20260219,2
54,20251212,2
54,20260102,2
54,20260220,2
54,20260215,2
54,20260222,2
55,20251222,2
55,20251229,2
55,20260216,2
55,20251223,2
55,20251230,2
55,20260217,2
55,20251224,2
55,20251231,2
55,20260218,2
55,20260219,2
55,20260102,2
55,20260220,2
55,20260215,2
55,20260222,2
56,20251222,2
56,20251229,2
56,20260216,2
56,20251223,2
56,20251230,2
56,20260217,2
56,20251224,2
56,20251231,2
56,20260218,2
56,20260219,2
56,20260102,2
56,20260220,2
56,20260214,2
56,20260221,2
56,20260215,2
56,20260222,2
57,20260406,1
57,20251225,1
57,20260101,1
57,20251226,1
57,20260215,2
57,20260222,2
58,20260216,2
58,20260406,2
58,20260217,2
58,20251210,2
58,20260218,2
58,20251211,2
58,20260219,2
58,20251212,2
58,20260220,2
58,20260215,2
58,20260222,2
59,20260406,1
59,20251210,1
59,20251211,1
59,20251225,1
59,20260101,1
59,20251212,1
59,20251226,1
59,20260215,2
59,20260222,2
60,20260406,1
60,20251225,1
60,20260101,1
60,20251226,1
60,20251213,2
60,20260214,2
60,20260221,2
60,20260215,2
60,20260222,2
61,20260220,1
61,20260214,1
61,20260221,1
62,20251212,2
62,20251226,2
62,20260220,2
62,20251213,2
62,20260214,2
62,20260221,2
63,20251212,1
63,20251213,1
64,20260406,2
64,20251225,2
64,20260101,2
64,20251226,2
65,20260216,2
65,20260330,2
65,20260406,2
65,20260217,2
65,20260331,2
65,20260407,2
65,20251210,2
65,20260218,2
65,20260401,2
65,20260408,2
65,20251211,2
65,20251225,2
65,20260101,2
65,20260219,2
65,20260402,2
65,20260409,2
65,20251212,2
65,20251226,2
65,20260220,2
65,20260403,2
65,20260410,2
66,20260110,1
66,20260321,1
67,20260314,1
67,20260418,1
67,20260425,1
68,20260216,2
68,20260330,2
68,20260406,2
68,20260217,2
68,20260331,2
68,20260407,2
68,20251210,2
68,20260218,2
68,20260401,2
68,20260408,2
68,20251211,2
68,20251225,2
68,20260101,2
68,20260219,2
68,20260402,2
68,20260409,2
68,20251212,2
68,20251226,2
68,20260220,2
68,20260403,2
68,20260410,2
68,20251220,1
68,20251227,1
68,20260103,1
68,20260228,1
69,20260330,1
69,20260331,1
69,20260407,1
69,20260401,1
69,20260408,1
69,20260402,1
69,20260409,1
69,20260403,1
69,20260410,1
69,20260117,1
69,20260124,1
69,20260131,1
69,20260207,1
69,20260328,1
69,20260404,1
69,20260411,1
69,20260329,1
70,20260216,2
70,20260330,2
70,20260406,2
70,20260217,2
70,20260331,2
70,20260407,2
70,20251210,2
70,20260218,2
70,20260401,2
70,20260408,2
70,20251211,2
70,20251218,2
70,20251225,2
70,20260101,2
70,20260219,2
70,20260402,2
70,20260409,2
70,20251212,2
70,20251226,2
70,20260220,2
70,20260403,2
70,20260410,2
70,20251220,1
70,20251227,1
70,20260103,1
70,20260228,1
71,20260112,2
71,20260316,2
71,20260323,2
71,20260330,2
71,20260406,2
71,20260420,2
71,20260427,2
71,20260331,2
71,20260407,2
71,20260401,2
71,20260408,2
71,20251225,2
71,20260402,2
71,20260409,2
71,20260403,2
71,20260410,2
71,20260117,2
71,20260124,2
71,20260131,2
71,20260207,2
71,20260328,2
71,20260404,2
71,20260411,2
71,20251214,1
71,20251221,1
71,20251228,1
71,20260104,1
71,20260215,1
71,20260222,1
71,20260301,1
71,20260308,1
72,20260330,2
72,20260406,2
72,20260331,2
72,20260407,2
72,20260401,2
72,20260408,2
72,20260402,2
72,20260409,2
72,20260403,2
72,20260410,2
72,20251213,1
72,20251220,1
72,20251227,1
72,20260103,1
72,20260214,1
72,20260221,1
72,20260228,1
72,20260307,1
72,20251214,1
72,20251221,1
72,20251228,1
72,20260104,1
72,20260215,1
72,20260222,1
72,20260301,1
72,20260308,1
73,20260330,2
73,20260406,2
73,20260331,2
73,20260407,2
73,20260401,2
73,20260408,2
73,20251225,2
73,20260101,2
73,20260402,2
73,20260409,2
73,20251226,2
73,20260403,2
73,20260410,2
74,20260330,2
74,20260406,2
74,20260331,2
74,20260407,2
74,20251224,2
74,20260401,2
74,20260408,2
74,20251225,2
74,20260101,2
74,20260402,2
74,20260409,2
74,20251226,2
74,20260403,2
74,20260410,2
75,20260110,1
75,20260314,1
75,20260321,1
75,20260418,1
75,20260425,1
75,20260111,1
75,20260315,1
75,20260322,1
75,20260419,1
75,20260426,1
76,20260117,1
76,20260124,1
76,20260131,1
76,20260118,1
76,20260125,1
76,20260201,1
77,20260330,2
77,20260406,2
77,20260331,2
77,20260407,2
77,20251210,2
77,20251224,2
77,20260401,2
77,20260408,2
77,20251211,2
77,20260402,2
77,20260409,2
77,20251212,2
77,20260403,2
77,20260410,2
77,20251220,1
77,20251227,1
77,20260103,1
77,20260214,1
77,20260221,1
77,20260228,1
77,20260307,1
77,20251214,1
77,20251221,1
77,20251228,1
77,20260104,1
77,20260215,1
77,20260222,1
77,20260301,1
77,20260308,1
78,20260330,1
78,20260331,1
78,20260407,1
78,20260401,1
78,20260408,1
78,20260402,1
78,20260409,1
78,20260403,1
78,20260410,1
79,20251225,1
79,20260101,1
79,20251226,1
79,20251213,1
79,20251220,1
79,20251227,1
79,20260103,1
79,20260214,1
79,20260221,1
79,20260228,1
79,20260307,1
79,20251214,1
79,20251221,1
79,20251228,1
79,20260104,1
79,20260215,1
79,20260222,1
79,20260301,1
79,20260308,1
80,20260406,1
80,20260328,1
80,20260404,1
80,20260411,1
80,20260329,1
80,20260405,1
80,20260412,1
81,20251225,1
81,20260101,1
81,20251226,1
81,20251220,1
81,20251227,1
81,20260103,1
81,20260214,1
81,20260221,1
81,20260228,1
81,20260307,1
81,20251214,1
81,20251221,1
81,20251228,1
81,20260104,1
81,20260215,1
81,20260222,1
81,20260301,1
81,20260308,1
82,20260101,1
82,20251226,1
82,20251220,1
82,20251227,1
82,20260103,1
82,20260214,1
82,20260221,1
82,20260228,1
82,20260307,1
82,20251214,1
82,20251221,1
82,20251228,1
82,20260104,1
82,20260215,1
82,20260222,1
82,20260301,1
82,20260308,1
83,20260330,2
83,20260406,2
83,20260331,2
83,20260407,2
83,20251210,2
83,20260401,2
83,20260408,2
83,20251211,2
83,20251225,2
83,20260101,2
83,20260402,2
83,20260409,2
83,20251212,2
83,20251226,2
83,20260403,2
83,20260410,2
84,20260111,1
84,20260315,1
84,20260322,1
84,20260419,1
84,20260426,1
85,20260118,1
85,20260125,1
85,20260201,1
86,20251225,1
86,20260101,1
86,20251226,1
86,20251214,1
86,20251221,1
86,20251228,1
86,20260104,1
86,20260215,1
86,20260222,1
86,20260301,1
86,20260308,1
87,20260329,1
87,20260405,1
87,20260412,1
88,20260111,1
88,20260315,1
88,20260419,1
88,20260426,1
89,20260330,2
89,20260406,2
89,20260331,2
89,20260407,2
89,20251210,2
89,20251224,2
89,20260401,2
89,20260408,2
89,20251211,2
89,20251225,2
89,20260101,2
89,20260402,2
89,20260409,2
89,20251212,2
89,20251226,2
89,20260403,2
89,20260410,2
90,20260124,2
90,20260321,2
90,20260125,2
90,20260322,2
91,20251210,2
91,20251211,2
91,20251212,2
91,20251213,2
91,20260124,2
91,20260321,2
91,20260125,2
91,20260322,2
92,20260216,2
92,20260330,2
92,20260406,2
92,20260217,2
92,20260331,2
92,20260407,2
92,20251210,2
92,20260218,2
92,20260401,2
92,20260408,2
92,20251211,2
92,20251225,2
92,20260101,2
92,20260219,2
92,20260402,2
92,20260409,2
92,20251212,2
92,20251226,2
92,20260220,2
92,20260403,2
92,20260410,2
92,20251213,2
92,20260214,2
92,20260221,2
92,20260328,2
92,20260404,2
92,20260411,2
93,20260216,2
93,20260330,2
93,20260406,2
93,20260217,2
93,20260331,2
93,20260407,2
93,20251210,2
93,20260218,2
93,20260401,2
93,20260408,2
93,20251211,2
93,20251225,2
93,20260101,2
93,20260219,2
93,20260402,2
93,20260409,2
93,20251212,2
93,20251226,2
93,20260220,2
93,20260403,2
93,20260410,2
93,20251220,1
93,20251227,1
93,20260103,1
93,20260110,1
93,20260228,1
93,20260307,1
93,20260314,1
93,20260321,1
94,20260117,1
94,20260124,1
94,20260131,1
94,20260207,1
95,20260330,1
95,20260331,1
95,20260407,1
95,20260401,1
95,20260408,1
95,20260402,1
95,20260409,1
95,20260403,1
95,20260410,1
95,20260328,1
95,20260404,1
95,20260411,1
96,20260216,2
96,20260330,2
96,20260406,2
96,20260217,2
96,20260331,2
96,20260407,2
96,20251210,2
96,20260218,2
96,20260401,2
96,20260408,2
96,20251211,2
96,20251218,2
96,20251225,2
96,20260101,2
96,20260219,2
96,20260402,2
96,20260409,2
96,20251212,2
96,20251226,2
96,20260220,2
96,20260403,2
96,20260410,2
96,20251220,1
96,20251227,1
96,20260103,1
96,20260110,1
96,20260228,1
96,20260307,1
96,20260314,1
96,20260321,1
97,20260216,2
97,20260330,2
97,20260406,2
97,20260217,2
97,20260331,2
97,20260407,2
97,20251210,2
97,20251224,2
97,20260218,2
97,20260401,2
97,20260408,2
97,20251211,2
97,20251225,2
97,20260101,2
97,20260219,2
97,20260402,2
97,20260409,2
97,20251212,2
97,20251226,2
97,20260220,2
97,20260403,2
97,20260410,2
97,20251220,1
97,20251227,1
97,20260103,1
97,20260110,1
97,20260228,1
97,20260307,1
97,20260314,1
97,20260321,1
98,20260307,1
98,20260314,1
98,20260418,1
98,20260425,1
99,20260216,2
99,20260330,2
99,20260406,2
99,20260217,2
99,20260331,2
99,20260407,2
99,20260218,2
99,20260401,2
99,20260408,2
99,20251225,2
99,20260101,2
99,20260219,2
99,20260402,2
99,20260409,2
99,20251226,2
99,20260220,2
99,20260403,2
99,20260410,2
99,20260214,2
99,20260221,2
99,20260307,2
99,20260314,2
99,20260328,2
99,20260404,2
99,20260411,2
99,20260418,2
99,20260425,2
100,20260214,2
100,20260221,2
100,20260307,2
100,20260314,2
100,20260328,2
100,20260404,2
100,20260411,2
100,20260418,2
100,20260425,2
101,20260216,2
101,20260330,2
101,20260406,2
101,20260217,2
101,20260331,2
101,20260407,2
101,20251210,2
101,20260218,2
101,20260401,2
101,20260408,2
101,20251211,2
101,20251225,2
101,20260101,2
101,20260219,2
101,20260402,2
101,20260409,2
101,20251212,2
101,20251226,2
101,20260220,2
101,20260403,2
101,20260410,2
101,20251213,2
101,20260214,2
101,20260221,2
101,20260307,2
101,20260314,2
101,20260328,2
101,20260404,2
101,20260411,2
101,20260418,2
101,20260425,2
102,20260216,2
102,20260330,2
102,20260406,2
102,20260217,2
102,20260331,2
102,20260407,2
102,20251210,2
102,20260218,2
102,20260401,2
102,20260408,2
102,20251211,2
102,20251218,2
102,20251225,2
102,20260101,2
102,20260219,2
102,20260402,2
102,20260409,2
102,20251212,2
102,20251226,2
102,20260220,2
102,20260403,2
102,20260410,2
102,20251213,2
102,20260214,2
102,20260221,2
102,20260307,2
102,20260314,2
102,20260328,2
102,20260404,2
102,20260411,2
102,20260418,2
102,20260425,2
103,20260216,2
103,20260330,2
103,20260406,2
103,20260217,2
103,20260331,2
103,20260407,2
103,20260218,2
103,20260401,2
103,20260408,2
103,20251218,2
103,20251225,2
103,20260101,2
103,20260219,2
103,20260402,2
103,20260409,2
103,20251226,2
103,20260220,2
103,20260403,2
103,20260410,2
103,20260214,2
103,20260221,2
103,20260307,2
103,20260314,2
103,20260328,2
103,20260404,2
103,20260411,2
103,20260418,2
103,20260425,2
104,20251213,2
104,20260214,2
104,20260221,2
104,20260307,2
104,20260314,2
104,20260328,2
104,20260404,2
104,20260411,2
104,20260418,2
104,20260425,2
105,20260216,1
106,20260101,1
107,20260406,2
107,20251225,2
107,20260101,2
107,20251226,2
107,20260307,2
107,20260314,2
107,20260321,2
107,20260418,2
107,20260425,2
108,20260307,1
108,20260314,1
108,20260418,1
108,20260425,1
108,20260308,1
108,20260315,1
108,20260419,1
108,20260426,1
109,20260309,1
109,20260316,1
109,20260323,1
109,20260330,1
109,20260406,1
109,20260310,1
109,20260317,1
109,20260324,1
109,20260331,1
109,20260407,1
109,20260311,1
109,20260318,1
109,20260325,1
109,20260401,1
109,20260408,1
109,20260312,1
109,20260319,1
109,20260326,1
109,20260402,1
109,20260409,1
109,20260313,1
109,20260320,1
109,20260327,1
109,20260403,1
109,20260410,1
110,20260309,2
110,20260316,2
110,20260323,2
110,20260330,2
110,20260406,2
110,20260310,2
110,20260317,2
110,20260324,2
110,20260331,2
110,20260407,2
110,20260311,2
110,20260318,2
110,20260325,2
110,20260401,2
110,20260408,2
110,20251225,2
110,20260101,2
110,20260312,2
110,20260319,2
110,20260326,2
110,20260402,2
110,20260409,2
110,20251226,2
110,20260313,2
110,20260320,2
110,20260327,2
110,20260403,2
110,20260410,2
111,20260117,1
111,20260124,1
111,20260131,1
112,20260330,2
112,20260406,2
112,20260331,2
112,20260407,2
112,20251210,2
112,20260401,2
112,20260408,2
112,20251211,2
112,20251225,2
112,20260101,2
112,20260402,2
112,20260409,2
112,20251212,2
112,20251226,2
112,20260403,2
112,20260410,2
112,20251213,2
112,20260117,2
112,20260124,2
112,20260131,2
112,20260207,2
112,20260328,2
112,20260404,2
112,20260411,2
113,20260330,2
113,20260406,2
113,20260331,2
113,20260407,2
113,20251210,2
113,20260401,2
113,20260408,2
113,20251211,2
113,20260402,2
113,20260409,2
113,20251212,2
113,20260403,2
113,20260410,2
113,20251213,2
113,20260117,2
113,20260124,2
113,20260131,2
113,20260207,2
113,20260328,2
113,20260404,2
113,20260411,2
113,20260118,2
113,20260125,2
113,20260201,2
113,20260208,2
113,20260329,2
113,20260405,2
113,20260412,2
114,20260330,2
114,20260406,2
114,20260331,2
114,20260407,2
114,20251210,2
114,20251224,2
114,20260401,2
114,20260408,2
114,20251211,2
114,20260402,2
114,20260409,2
114,20251212,2
114,20260403,2
114,20260410,2
114,20251213,2
114,20260117,2
114,20260124,2
114,20260131,2
114,20260207,2
114,20260328,2
114,20260404,2
114,20260411,2
114,20260118,2
114,20260125,2
114,20260201,2
114,20260208,2
114,20260329,2
114,20260405,2
114,20260412,2
115,20260406,2
115,20251225,2
115,20260101,2
115,20251226,2
115,20260207,2
115,20260307,2
115,20260314,2
115,20260321,2
115,20260418,2
115,20260425,2
116,20260302,2
116,20260307,2
116,20260314,2
116,20260321,2
116,20260418,2
116,20260425,2
116,20260308,2
116,20260315,2
116,20260322,2
116,20260419,2
116,20260426,2
117,20260302,1
118,20260307,2
118,20260314,2
118,20260321,2
118,20260418,2
118,20260425,2
118,20260308,2
118,20260315,2
118,20260322,2
118,20260419,2
118,20260426,2
119,20251224,2
119,20260307,2
119,20260314,2
119,20260321,2
119,20260418,2
119,20260425,2
119,20260308,2
119,20260315,2
119,20260322,2
119,20260419,2
119,20260426,2
120,20260406,2
120,20251210,2
120,20251211,2
120,20251225,2
120,20260101,2
120,20251212,2
120,20251226,2
120,20251213,2
120,20260207,2
120,20260307,2
120,20260314,2
120,20260321,2
120,20260418,2
120,20260425,2
121,20251210,2
121,20251211,2
121,20251212,2
121,20251213,2
121,20260307,2
121,20260314,2
121,20260321,2
121,20260418,2
121,20260425,2
121,20260308,2
121,20260315,2
121,20260322,2
121,20260419,2
121,20260426,2
122,20260302,2
122,20251210,2
122,20251211,2
122,20251212,2
122,20251213,2
122,20260307,2
122,20260314,2
122,20260321,2
122,20260418,2
122,20260425,2
122,20260308,2
122,20260315,2
122,20260322,2
122,20260419,2
122,20260426,2
123,20251210,2
123,20251224,2
123,20251211,2
123,20251212,2
123,20251213,2
123,20260307,2
123,20260314,2
123,20260321,2
123,20260418,2
123,20260425,2
123,20260308,2
123,20260315,2
123,20260322,2
123,20260419,2
123,20260426,2
124,20251224,2
124,20260124,2
124,20260321,2
124,20260125,2
124,20260322,2
125,20251210,2
125,20251224,2
125,20251211,2
125,20251212,2
125,20251213,2
125,20260124,2
125,20260321,2
125,20260125,2
125,20260322,2
126,20260413,2
126,20260420,2
126,20260414,2
126,20260421,2
126,20251210,2
126,20251224,2
126,20260415,2
126,20260422,2
126,20251211,2
126,20260416,2
126,20260423,2
126,20251212,2
126,20251213,2
126,20260124,2
126,20260321,2
126,20260125,2
126,20260322,2
127,20260406,2
127,20251210,2
127,20251211,2
127,20251225,2
127,20260101,2
127,20251212,2
127,20251226,2
127,20251213,2
127,20260124,2
127,20260321,2
128,20251225,1
128,20260101,1
128,20251226,1
128,20260214,2
128,20260221,2
128,20260328,2
128,20260404,2
128,20260411,2
128,20260215,2
128,20260222,2
128,20260329,2
128,20260405,2
128,20260412,2
129,20260214,2
129,20260221,2
129,20260328,2
129,20260404,2
129,20260411,2
130,20260406,2
130,20251210,2
130,20251224,2
130,20251231,2
130,20251211,2
130,20251225,2
130,20260101,2
130,20251212,2
130,20251226,2
131,20260216,2
131,20260330,2
131,20260406,2
131,20260217,2
131,20260331,2
131,20260407,2
131,20260218,2
131,20260401,2
131,20260408,2
131,20251225,2
131,20260101,2
131,20260219,2
131,20260402,2
131,20260409,2
131,20251226,2
131,20260220,2
131,20260403,2
131,20260410,2
131,20260214,2
131,20260221,2
131,20260328,2
131,20260404,2
131,20260411,2
132,20260216,2
132,20260330,2
132,20260406,2
132,20260217,2
132,20260331,2
132,20260407,2
132,20251224,2
132,20260218,2
132,20260401,2
132,20260408,2
132,20251225,2
132,20260101,2
132,20260219,2
132,20260402,2
132,20260409,2
132,20251226,2
132,20260220,2
132,20260403,2
132,20260410,2
133,20260216,2
133,20260330,2
133,20260406,2
133,20260217,2
133,20260331,2
133,20260407,2
133,20260218,2
133,20260401,2
133,20260408,2
133,20251225,2
133,20260101,2
133,20260219,2
133,20260402,2
133,20260409,2
133,20251226,2
133,20260220,2
133,20260403,2
133,20260410,2
134,20260216,2
134,20260330,2
134,20260406,2
134,20260217,2
134,20260331,2
134,20260407,2
134,20260218,2
134,20260401,2
134,20260408,2
134,20251225,2
134,20260101,2
134,20260219,2
134,20260402,2
134,20260409,2
134,20260220,2
134,20260403,2
134,20260410,2
135,20260216,2
135,20260223,2
135,20260330,2
135,20260406,2
135,20260413,2
135,20260217,2
135,20260331,2
135,20260407,2
135,20260218,2
135,20260401,2
135,20260408,2
135,20260219,2
135,20260402,2
135,20260409,2
135,20260220,2
135,20260403,2
135,20260410,2
135,20260221,2
135,20260404,2
135,20260411,2
135,20260215,2
135,20260222,2
135,20260329,2
135,20260405,2
135,20260412,2
136,20260406,2
136,20260407,1
136,20251226,1
136,20260102,1
136,20251227,1
137,20260406,1
137,20251225,1
137,20260101,1
137,20251226,1
138,20260406,1
138,20260407,2
138,20251225,2
138,20251226,2
138,20260102,2
138,20251227,2
139,20260406,2
139,20251225,2
139,20260101,2
139,20251226,2
141,20260406,2
141,20251224,2
141,20251225,2
141,20260101,2
141,20251226,2
142,20260406,2
142,20251210,2
142,20251211,2
142,20251225,2
142,20260101,2
142,20251212,2
142,20251226,2
142,20251213,2
143,20260330,2
143,20260406,2
143,20260331,2
143,20260407,2
143,20260401,2
143,20260408,2
143,20251225,2
143,20260101,2
143,20260402,2
143,20260409,2
143,20251226,2
143,20260403,2
143,20260410,2
143,20260328,2
143,20260404,2
143,20260411,2
144,20260330,2
144,20260406,2
144,20260331,2
144,20260407,2
144,20251224,2
144,20260401,2
144,20260408,2
144,20251225,2
144,20260101,2
144,20260402,2
144,20260409,2
144,20251226,2
144,20260403,2
144,20260410,2
144,20260328,2
144,20260404,2
144,20260411,2
145,20260309,1
145,20260316,1
145,20260420,1
145,20260427,1
145,20260308,1
145,20260315,1
145,20260419,1
145,20260426,1
146,20260216,2
146,20260223,2
146,20260309,2
146,20260316,2
146,20260330,2
146,20260406,2
146,20260413,2
146,20260420,2
146,20260427,2
146,20260217,2
146,20260331,2
146,20260407,2
146,20251210,2
146,20260218,2
146,20260401,2
146,20260408,2
146,20251211,2
146,20251225,2
146,20260219,2
146,20260402,2
146,20260409,2
146,20251212,2
146,20260220,2
146,20260403,2
146,20260410,2
146,20251213,2
146,20260221,2
146,20260404,2
146,20260411,2
146,20260215,2
146,20260222,2
146,20260308,2
146,20260315,2
146,20260329,2
146,20260405,2
146,20260412,2
146,20260419,2
146,20260426,2
147,20260216,1
147,20260223,1
147,20260217,1
147,20260218,1
147,20260219,1
147,20260220,1
147,20260221,1
147,20260215,1
147,20260222,1
148,20260101,1
148,20251226,1
148,20260214,2
148,20260221,2
148,20260307,2
148,20260314,2
148,20260328,2
148,20260404,2
148,20260411,2
148,20260418,2
148,20260425,2
148,20260215,2
148,20260222,2
148,20260308,2
148,20260315,2
148,20260329,2
148,20260405,2
148,20260412,2
148,20260419,2
148,20260426,2
149,20260308,1
149,20260315,1
149,20260419,1
149,20260426,1
150,20251225,1
150,20260101,1
150,20251226,1
150,20260215,2
150,20260222,2
150,20260308,2
150,20260315,2
150,20260329,2
150,20260405,2
150,20260412,2
150,20260419,2
150,20260426,2
151,20260216,2
151,20260330,2
151,20260406,2
151,20260217,2
151,20260331,2
151,20260407,2
151,20251210,2
151,20251224,2
151,20260218,2
151,20260401,2
151,20260408,2
151,20251211,2
151,20260219,2
151,20260402,2
151,20260409,2
151,20251212,2
151,20260220,2
151,20260403,2
151,20260410,2
151,20251213,2
151,20260214,2
151,20260221,2
151,20260307,2
151,20260314,2
151,20260328,2
151,20260404,2
151,20260411,2
151,20260418,2
151,20260425,2
151,20260215,2
151,20260222,2
151,20260308,2
151,20260315,2
151,20260329,2
151,20260405,2
151,20260412,2
151,20260419,2
151,20260426,2
152,20251226,1
153,20251225,1
153,20260101,1
153,20260215,2
153,20260222,2
153,20260308,2
153,20260315,2
153,20260329,2
153,20260405,2
153,20260412,2
153,20260419,2
153,20260426,2
154,20260216,2
154,20260330,2
154,20260406,2
154,20260217,2
154,20260331,2
154,20260407,2
154,20251210,2
154,20260218,2
154,20260401,2
154,20260408,2
154,20251211,2
154,20260219,2
154,20260402,2
154,20260409,2
154,20251212,2
154,20260220,2
154,20260403,2
154,20260410,2
154,20251213,2
154,20260214,2
154,20260221,2
154,20260307,2
154,20260314,2
154,20260328,2
154,20260404,2
154,20260411,2
154,20260418,2
154,20260425,2
154,20260215,2
154,20260222,2
154,20260308,2
154,20260315,2
154,20260329,2
154,20260405,2
154,20260412,2
154,20260419,2
154,20260426,2
155,20260101,1
155,20251226,1
155,20251213,2
155,20260214,2
155,20260221,2
155,20260307,2
155,20260314,2
155,20260328,2
155,20260404,2
155,20260411,2
155,20260418,2
155,20260425,2
155,20260215,2
155,20260222,2
155,20260308,2
155,20260315,2
155,20260329,2
155,20260405,2
155,20260412,2
155,20260419,2
155,20260426,2
156,20251225,1
156,20260101,1
156,20251226,1
156,20251213,2
156,20260214,2
156,20260221,2
156,20260307,2
156,20260314,2
156,20260328,2
156,20260404,2
156,20260411,2
156,20260418,2
156,20260425,2
156,20260215,2
156,20260222,2
156,20260308,2
156,20260315,2
156,20260329,2
156,20260405,2
156,20260412,2
156,20260419,2
156,20260426,2
157,20251225,1
157,20260101,1
157,20251226,1
158,20260215,2
158,20260222,2
158,20260308,2
158,20260315,2
158,20260329,2
158,20260405,2
158,20260412,2
158,20260419,2
158,20260426,2
159,20260216,2
159,20260330,2
159,20260406,2
159,20260217,2
159,20260331,2
159,20260407,2
159,20251210,2
159,20260218,2
159,20260401,2
159,20260408,2
159,20251211,2
159,20251218,2
159,20251225,2
159,20260101,2
159,20260219,2
159,20260402,2
159,20260409,2
159,20251212,2
159,20251226,2
159,20260220,2
159,20260403,2
159,20260410,2
159,20251213,2
159,20260214,2
159,20260221,2
159,20260328,2
159,20260404,2
159,20260411,2
160,20260215,1
161,20251231,1
162,20260216,2
162,20260330,2
162,20260406,2
162,20260217,2
162,20260331,2
162,20260407,2
162,20260218,2
162,20260401,2
162,20260408,2
162,20260219,2
162,20260402,2
162,20260409,2
162,20260220,2
162,20260403,2
162,20260410,2
162,20260214,2
162,20260221,2
162,20260328,2
162,20260404,2
162,20260411,2
162,20260215,2
162,20260222,2
162,20260329,2
162,20260405,2
162,20260412,2
163,20251225,1
163,20260101,1
163,20260214,2
163,20260221,2
163,20260328,2
163,20260404,2
163,20260411,2
163,20260215,2
163,20260222,2
163,20260329,2
163,20260405,2
163,20260412,2
164,20260216,2
164,20260330,2
164,20260406,2
164,20260217,2
164,20260331,2
164,20260407,2
164,20260218,2
164,20260401,2
164,20260408,2
164,20260219,2
164,20260402,2
164,20260409,2
164,20260220,2
164,20260403,2
164,20260410,2
164,20251213,2
164,20260214,2
164,20260221,2
164,20260328,2
164,20260404,2
164,20260411,2
164,20260215,2
164,20260222,2
164,20260329,2
164,20260405,2
164,20260412,2
165,20260216,2
165,20260330,2
165,20260406,2
165,20260217,2
165,20260331,2
165,20260407,2
165,20260218,2
165,20260401,2
165,20260408,2
165,20260219,2
165,20260402,2
165,20260409,2
165,20260220,2
165,20260403,2
165,20260410,2
165,20260214,2
165,20260221,2
165,20260328,2
165,20260404,2
165,20260411,2
165,20251214,1
165,20251221,1
165,20251228,1
165,20260104,1
165,20260111,1
165,20260118,1
165,20260125,1
165,20260201,1
165,20260419,1
166,20260216,2
166,20260330,2
166,20260406,2
166,20260217,2
166,20260331,2
166,20260407,2
166,20260218,2
166,20260401,2
166,20260408,2
166,20260219,2
166,20260402,2
166,20260409,2
166,20260220,2
166,20260403,2
166,20260410,2
166,20260214,2
166,20260221,2
166,20260328,2
166,20260404,2
166,20260411,2
166,20251221,1
166,20251228,1
166,20260104,1
166,20260419,1
167,20260216,2
167,20260330,2
167,20260406,2
167,20260217,2
167,20260331,2
167,20260407,2
167,20260218,2
167,20260401,2
167,20260408,2
167,20251225,2
167,20260101,2
167,20260219,2
167,20260402,2
167,20260409,2
167,20260220,2
167,20260403,2
167,20260410,2
167,20260214,2
167,20260221,2
167,20260328,2
167,20260404,2
167,20260411,2
168,20260216,2
168,20260330,2
168,20260406,2
168,20260217,2
168,20260331,2
168,20260407,2
168,20260218,2
168,20260401,2
168,20260408,2
168,20251225,2
168,20260101,2
168,20260219,2
168,20260402,2
168,20260409,2
168,20260220,2
168,20260403,2
168,20260410,2
168,20260214,2
168,20260221,2
168,20260321,2
168,20260328,2
168,20260404,2
168,20260411,2
168,20260418,2
168,20260425,2
169,20260208,1
169,20260301,1
169,20260308,1
169,20260315,1
169,20260322,1
169,20260426,1
170,20251221,2
170,20251228,2
170,20260104,2
170,20260215,2
170,20260222,2
170,20260329,2
170,20260405,2
170,20260412,2
170,20260419,2
171,20251225,1
171,20260101,1
171,20260215,2
171,20260222,2
171,20260329,2
171,20260405,2
171,20260412,2
172,20251225,1
172,20260101,1
172,20260418,1
172,20260215,2
172,20260222,2
172,20260329,2
172,20260405,2
172,20260412,2
173,20260216,2
173,20260330,2
173,20260406,2
173,20260217,2
173,20260331,2
173,20260407,2
173,20251210,2
173,20260218,2
173,20260401,2
173,20260408,2
173,20251211,2
173,20251225,2
173,20260101,2
173,20260219,2
173,20260402,2
173,20260409,2
173,20251212,2
173,20260220,2
173,20260403,2
173,20260410,2
174,20251221,2
174,20251228,2
174,20260104,2
174,20260208,2
174,20260215,2
174,20260322,2
174,20260329,2
174,20260405,2
174,20260412,2
174,20260419,2
175,20260216,2
175,20260330,2
175,20260406,2
175,20260217,2
175,20260331,2
175,20260407,2
175,20251210,2
175,20260218,2
175,20260401,2
175,20260408,2
175,20251211,2
175,20260219,2
175,20260402,2
175,20260409,2
175,20251212,2
175,20260220,2
175,20260403,2
175,20260410,2
175,20251213,2
175,20260214,2
175,20260221,2
175,20260328,2
175,20260404,2
175,20260411,2
175,20260215,2
175,20260222,2
175,20260329,2
175,20260405,2
175,20260412,2
176,20260321,1
176,20260322,1
177,20260110,1
177,20260314,1
177,20260418,1
177,20260425,1
177,20260111,1
177,20260315,1
177,20260419,1
177,20260426,1
178,20260330,2
178,20260406,2
178,20260331,2
178,20260407,2
178,20260401,2
178,20260408,2
178,20260402,2
178,20260409,2
178,20260403,2
178,20260410,2
178,20251220,1
178,20251227,1
178,20260103,1
178,20260214,1
178,20260221,1
178,20260228,1
178,20260307,1
178,20251214,1
178,20251221,1
178,20251228,1
178,20260104,1
178,20260215,1
178,20260222,1
178,20260301,1
178,20260308,1
179,20260406,1
179,20260117,1
179,20260124,1
179,20260131,1
179,20260328,1
179,20260404,1
179,20260411,1
179,20260118,1
179,20260125,1
179,20260201,1
179,20260329,1
179,20260405,1
179,20260412,1
180,20251222,2
180,20251229,2
180,20260216,2
180,20260330,2
180,20260406,2
180,20251223,2
180,20251230,2
180,20260217,2
180,20260331,2
180,20260407,2
180,20251224,2
180,20251231,2
180,20260218,2
180,20260401,2
180,20260408,2
180,20251225,2
180,20260101,2
180,20260219,2
180,20260402,2
180,20260409,2
180,20251226,2
180,20260102,2
180,20260220,2
180,20260403,2
180,20260410,2
181,20251222,2
181,20251229,2
181,20260216,2
181,20260330,2
181,20260406,2
181,20251223,2
181,20251230,2
181,20260217,2
181,20260331,2
181,20260407,2
181,20251210,2
181,20251224,2
181,20251231,2
181,20260218,2
181,20260401,2
181,20260408,2
181,20251211,2
181,20251225,2
181,20260101,2
181,20260219,2
181,20260402,2
181,20260409,2
181,20251212,2
181,20251226,2
181,20260102,2
181,20260220,2
181,20260403,2
181,20260410,2
182,20251215,1
182,20251216,1
182,20251217,1
182,20251218,1
182,20251219,1
183,20251215,2
183,20251222,2
183,20251229,2
183,20260216,2
183,20260330,2
183,20260406,2
183,20251216,2
183,20251223,2
183,20251230,2
183,20260217,2
183,20260331,2
183,20260407,2
183,20251210,2
183,20251217,2
183,20251224,2
183,20251231,2
183,20260218,2
183,20260401,2
183,20260408,2
183,20251211,2
183,20251218,2
183,20251225,2
183,20260101,2
183,20260219,2
183,20260402,2
183,20260409,2
183,20251212,2
183,20251219,2
183,20251226,2
183,20260102,2
183,20260220,2
183,20260403,2
183,20260410,2
184,20251223,2
184,20251230,2
184,20260217,2
184,20260331,2
184,20260407,2
184,20251211,2
184,20251225,2
184,20260101,2
184,20260219,2
184,20260402,2
184,20260409,2
185,20251222,2
185,20251229,2
185,20260216,2
185,20260330,2
185,20260406,2
185,20251210,2
185,20251224,2
185,20251231,2
185,20260218,2
185,20260401,2
185,20260408,2
185,20251212,2
185,20251226,2
185,20260102,2
185,20260220,2
185,20260403,2
185,20260410,2
186,20251210,2
186,20251224,2
186,20251231,2
186,20260218,2
186,20260401,2
186,20260408,2
186,20251211,2
186,20251225,2
186,20260101,2
186,20260219,2
186,20260402,2
186,20260409,2
186,20251212,2
186,20251226,2
186,20260102,2
186,20260220,2
186,20260403,2
186,20260410,2
187,20251223,2
187,20251230,2
187,20260217,2
187,20260331,2
187,20260407,2
187,20251210,2
187,20251224,2
187,20251231,2
187,20260218,2
187,20260401,2
187,20260408,2
187,20251211,2
187,20251225,2
187,20260101,2
187,20260219,2
187,20260402,2
187,20260409,2
188,20251212,2
188,20251226,2
188,20260102,2
188,20260220,2
188,20260403,2
188,20260410,2
189,20251222,2
189,20251229,2
189,20260216,2
189,20260330,2
189,20260406,2
189,20251223,2
189,20251230,2
189,20260217,2
189,20260331,2
189,20260407,2
189,20251210,2
189,20251224,2
189,20251231,2
189,20260218,2
189,20260401,2
189,20260408,2
189,20251211,2
189,20251225,2
189,20260101,2
189,20260219,2
189,20260402,2
189,20260409,2
190,20251212,2
190,20251219,2
190,20251226,2
190,20260102,2
190,20260220,2
190,20260403,2
190,20260410,2
191,20251215,2
191,20251222,2
191,20251229,2
191,20260216,2
191,20260330,2
191,20260406,2
191,20251216,2
191,20251223,2
191,20251230,2
191,20260217,2
191,20260331,2
191,20260407,2
191,20251210,2
191,20251217,2
191,20251224,2
191,20251231,2
191,20260218,2
191,20260401,2
191,20260408,2
191,20251211,2
191,20251218,2
191,20251225,2
191,20260101,2
191,20260219,2
191,20260402,2
191,20260409,2
192,20251210,2
192,20251217,2
192,20251224,2
192,20251231,2
192,20260218,2
192,20260401,2
192,20260408,2
193,20251215,2
193,20251222,2
193,20251229,2
193,20260216,2
193,20260330,2
193,20260406,2
193,20251216,2
193,20251223,2
193,20251230,2
193,20260217,2
193,20260331,2
193,20260407,2
193,20251211,2
193,20251218,2
193,20251225,2
193,20260101,2
193,20260219,2
193,20260402,2
193,20260409,2
193,20251212,2
193,20251219,2
193,20251226,2
193,20260102,2
193,20260220,2
193,20260403,2
193,20260410,2
194,20251211,2
194,20251218,2
194,20251225,2
194,20260101,2
194,20260219,2
194,20260402,2
194,20260409,2
194,20251212,2
194,20251219,2
194,20251226,2
194,20260102,2
194,20260220,2
194,20260403,2
194,20260410,2
195,20251223,2
195,20251230,2
195,20260217,2
195,20260331,2
195,20260407,2
195,20251225,2
195,20260101,2
195,20260219,2
195,20260402,2
195,20260409,2
196,20251222,2
196,20251229,2
196,20260216,2
196,20260330,2
196,20260406,2
196,20251224,2
196,20251231,2
196,20260218,2
196,20260401,2
196,20260408,2
196,20251226,2
196,20260102,2
196,20260220,2
196,20260403,2
196,20260410,2
197,20251223,2
197,20251230,2
197,20260217,2
197,20260331,2
197,20260407,2
197,20251225,2
197,20260101,2
197,20260219,2
197,20260402,2
197,20260409,2
197,20251226,2
197,20260102,2
197,20260220,2
197,20260403,2
197,20260410,2
198,20260413,1
198,20260420,1
198,20260427,1
198,20260414,1
198,20260421,1
198,20260428,1
198,20251210,1
198,20260415,1
198,20260422,1
198,20260429,1
198,20251211,1
198,20260416,1
198,20260423,1
198,20260430,1
198,20251212,1
198,20260417,1
198,20260424,1
199,20251222,2
199,20251229,2
199,20260216,2
199,20260330,2
199,20260406,2
199,20260413,2
199,20260420,2
199,20260427,2
199,20251223,2
199,20251230,2
199,20260217,2
199,20260331,2
199,20260407,2
199,20260414,2
199,20260421,2
199,20260428,2
199,20251210,2
199,20251224,2
199,20251231,2
199,20260218,2
199,20260401,2
199,20260408,2
199,20260415,2
199,20260422,2
199,20260429,2
199,20251211,2
199,20251225,2
199,20260101,2
199,20260219,2
199,20260402,2
199,20260409,2
199,20260416,2
199,20260423,2
199,20260430,2
199,20251212,2
199,20251226,2
199,20260102,2
199,20260220,2
199,20260403,2
199,20260410,2
199,20260417,2
199,20260424,2
200,20251212,1
201,20260417,1
201,20260424,1
202,20251212,2
202,20251226,2
202,20260102,2
202,20260220,2
202,20260403,2
202,20260410,2
202,20260417,2
202,20260424,2
203,20251211,1
204,20260416,1
204,20260423,1
204,20260430,1
205,20251211,2
205,20251225,2
205,20260101,2
205,20260219,2
205,20260402,2
205,20260409,2
205,20260416,2
205,20260423,2
205,20260430,2
206,20251210,1
207,20260413,1
207,20260420,1
207,20260427,1
207,20260414,1
207,20260421,1
207,20260428,1
207,20260415,1
207,20260422,1
207,20260429,1
208,20251222,2
208,20251229,2
208,20260216,2
208,20260330,2
208,20260406,2
208,20260413,2
208,20260420,2
208,20260427,2
208,20251223,2
208,20251230,2
208,20260217,2
208,20260331,2
208,20260407,2
208,20260414,2
208,20260421,2
208,20260428,2
208,20251210,2
208,20251224,2
208,20251231,2
208,20260218,2
208,20260401,2
208,20260408,2
208,20260415,2
208,20260422,2
208,20260429,2
209,20251211,2
209,20251225,2
209,20260101,2
209,20260219,2
209,20260402,2
209,20260409,2
210,20251222,2
210,20251229,2
210,20260216,2
210,20260330,2
210,20260406,2
210,20251223,2
210,20251230,2
210,20260217,2
210,20260331,2
210,20260407,2
210,20251210,2
210,20251224,2
210,20251231,2
210,20260218,2
210,20260401,2
210,20260408,2
211,20251210,1
211,20251211,1
212,20260406,2
212,20260413,2
212,20260420,2
212,20260427,2
212,20260407,2
212,20260414,2
212,20260421,2
212,20260428,2
212,20251210,2
212,20260401,2
212,20260408,2
212,20260415,2
212,20260422,2
212,20260429,2
212,20251211,2
212,20260402,2
212,20260409,2
212,20260416,2
212,20260423,2
212,20260430,2
212,20251212,2
212,20260403,2
212,20260410,2
212,20260417,2
212,20260424,2
212,20251213,2
212,20260404,2
212,20260411,2
212,20260418,2
212,20260425,2
212,20260405,2
212,20260412,2
212,20260419,2
212,20260426,2
213,20260406,1
213,20260413,1
213,20260420,1
213,20260427,1
213,20260407,1
213,20260414,1
213,20260421,1
213,20260428,1
213,20260401,1
213,20260408,1
213,20260415,1
213,20260422,1
213,20260429,1
213,20260402,1
213,20260409,1
213,20260416,1
213,20260423,1
213,20260430,1
213,20260403,1
213,20260410,1
213,20260417,1
213,20260424,1
213,20260404,1
213,20260411,1
213,20260418,1
213,20260425,1
213,20260405,1
213,20260412,1
213,20260419,1
213,20260426,1
214,20260406,1
214,20260413,1
214,20260420,1
214,20260427,1
214,20260407,1
214,20260414,1
214,20260421,1
214,20260428,1
214,20251210,1
214,20260401,1
214,20260408,1
214,20260415,1
214,20260422,1
214,20260429,1
214,20251211,1
214,20260402,1
214,20260409,1
214,20260416,1
214,20260423,1
214,20260430,1
214,20251212,1
214,20260403,1
214,20260410,1
214,20260417,1
214,20260424,1
214,20251213,1
214,20260404,1
214,20260411,1
214,20260418,1
214,20260425,1
214,20260405,1
214,20260412,1
214,20260419,1
214,20260426,1
215,20251225,2
215,20260101,2
215,20251226,2
216,20251210,2
216,20251211,2
216,20251225,2
216,20260101,2
216,20251212,2
216,20251226,2
216,20251213,2
217,20260406,1
217,20251225,1
217,20260101,1
217,20251226,1
218,20260403,1
218,20260410,1
218,20260417,1
218,20260424,1
218,20260404,1
218,20260411,1
218,20260418,1
218,20260425,1
218,20260405,1
218,20260412,1
218,20260419,1
218,20260426,1
219,20251225,2
219,20260101,2
219,20260219,2
219,20260402,2
219,20260409,2
220,20251222,2
220,20251229,2
220,20260216,2
220,20260330,2
220,20260406,2
220,20251223,2
220,20251230,2
220,20260217,2
220,20260331,2
220,20260407,2
220,20251224,2
220,20251231,2
220,20260218,2
220,20260401,2
220,20260408,2
220,20251226,2
220,20260102,2
220,20260220,2
220,20260403,2
220,20260410,2
221,20251211,2
221,20251225,2
221,20260101,2
221,20260219,2
221,20260402,2
221,20260409,2
221,20251212,2
221,20251226,2
221,20260102,2
221,20260220,2
221,20260403,2
221,20260410,2
222,20251211,1
222,20251212,1
223,20251222,2
223,20251229,2
223,20260216,2
223,20260330,2
223,20260406,2
223,20251223,2
223,20251230,2
223,20260217,2
223,20260331,2
223,20260407,2
223,20251210,2
223,20251224,2
223,20251231,2
223,20260218,2
223,20260401,2
223,20260408,2
223,20251212,2
223,20251226,2
223,20260102,2
223,20260220,2
223,20260403,2
223,20260410,2
224,20251210,1
224,20251212,1
225,20251223,2
225,20251230,2
225,20260217,2
225,20260331,2
225,20260407,2
225,20251211,2
225,20251225,2
225,20260101,2
225,20260219,2
225,20260402,2
225,20260409,2
225,20251212,2
225,20251226,2
225,20260102,2
225,20260220,2
225,20260403,2
225,20260410,2
226,20251222,2
226,20251229,2
226,20260216,2
226,20260330,2
226,20260406,2
226,20251210,2
226,20251224,2
226,20251231,2
226,20260218,2
226,20260401,2
226,20260408,2
227,20251222,2
227,20251229,2
227,20260216,2
227,20260406,2
227,20260413,2
227,20251223,2
227,20251230,2
227,20260217,2
227,20260407,2
227,20260414,2
227,20251210,2
227,20251224,2
227,20251231,2
227,20260218,2
227,20260408,2
227,20260415,2
227,20251211,2
227,20251225,2
227,20260101,2
227,20260219,2
227,20260409,2
227,20260416,2
227,20251212,2
227,20251226,2
227,20260102,2
227,20260220,2
227,20260403,2
227,20260410,2
227,20260417,2
228,20251223,2
228,20251230,2
228,20260217,2
228,20260407,2
228,20260414,2
228,20251226,2
228,20260102,2
228,20260220,2
228,20260403,2
228,20260410,2
228,20260417,2
229,20251222,2
229,20251229,2
229,20260216,2
229,20260406,2
229,20260413,2
229,20251223,2
229,20251230,2
229,20260217,2
229,20260407,2
229,20260414,2
229,20251224,2
229,20251231,2
229,20260218,2
229,20260408,2
229,20260415,2
229,20251225,2
229,20260101,2
229,20260219,2
229,20260409,2
229,20260416,2
229,20251226,2
229,20260102,2
229,20260220,2
229,20260403,2
229,20260410,2
229,20260417,2
230,20251224,2
230,20251231,2
230,20260218,2
230,20260401,2
230,20260408,2
231,20251222,2
231,20251229,2
231,20260216,2
231,20260330,2
231,20260406,2
231,20251223,2
231,20251230,2
231,20260217,2
231,20260331,2
231,20260407,2
231,20251225,2
231,20260101,2
231,20260219,2
231,20260402,2
231,20260409,2
231,20251226,2
231,20260102,2
231,20260220,2
231,20260403,2
231,20260410,2
232,20251213,2
233,20251210,2
233,20251224,2
233,20251231,2
233,20260218,2
233,20260401,2
233,20260408,2
233,20251212,2
233,20251226,2
233,20260102,2
233,20260220,2
233,20260403,2
233,20260410,2
234,20251210,2
234,20251224,2
234,20251231,2
234,20260218,2
234,20260401,2
234,20260408,2
235,20251222,2
235,20251229,2
235,20260216,2
235,20260330,2
235,20260406,2
235,20251223,2
235,20251230,2
235,20260217,2
235,20260331,2
235,20260407,2
235,20251211,2
235,20251225,2
235,20260101,2
235,20260219,2
235,20260402,2
235,20260409,2
235,20251212,2
235,20251226,2
235,20260102,2
235,20260220,2
235,20260403,2
235,20260410,2
236,20251222,2
236,20251229,2
236,20260216,2
236,20260330,2
236,20260406,2
237,20251226,2
237,20260102,2
237,20260220,2
237,20260403,2
237,20260410,2
238,20251225,2
238,20260101,2
238,20260219,2
238,20260402,2
238,20260409,2
238,20251226,2
238,20260102,2
238,20260220,2
238,20260403,2
238,20260410,2
239,20251215,1
239,20251216,1
239,20251210,1
239,20251217,1
239,20251211,1
239,20251218,1
239,20251212,1
239,20251219,1
240,20251222,2
240,20251229,2
240,20260216,2
240,20260330,2
240,20260406,2
240,20251223,2
240,20251230,2
240,20260217,2
240,20260331,2
240,20260407,2
240,20251224,2
240,20251231,2
240,20260218,2
240,20260401,2
240,20260408,2
240,20251225,2
240,20260101,2
240,20260219,2
240,20260402,2
240,20260409,2
241,20251222,2
241,20251229,2
241,20260216,2
241,20260330,2
241,20260406,2
241,20260413,2
241,20260420,2
241,20260427,2
241,20251223,2
241,20251230,2
241,20260217,2
241,20260331,2
241,20260407,2
241,20260414,2
241,20260421,2
241,20260428,2
241,20251210,2
241,20251224,2
241,20251231,2
241,20260218,2
241,20260401,2
241,20260408,2
241,20260415,2
241,20260422,2
241,20260429,2
241,20251211,2
241,20251225,2
241,20260101,2
241,20260219,2
241,20260402,2
241,20260409,2
241,20260416,2
241,20260423,2
241,20260430,2
242,20260413,1
242,20260420,1
242,20260427,1
242,20260414,1
242,20260421,1
242,20260428,1
242,20260415,1
242,20260422,1
242,20260429,1
242,20260416,1
242,20260423,1
242,20260430,1
243,20251223,2
243,20251230,2
243,20260217,2
243,20260407,2
243,20260414,2
243,20251212,2
243,20251226,2
243,20260102,2
243,20260220,2
243,20260403,2
243,20260410,2
243,20260417,2
244,20251223,2
244,20251230,2
244,20260217,2
244,20260331,2
244,20260407,2
244,20251224,2
244,20251231,2
244,20260218,2
244,20260401,2
244,20260408,2
244,20251225,2
244,20260101,2
244,20260219,2
244,20260402,2
244,20260409,2
245,20251212,1
245,20260417,1
245,20260424,1
246,20260413,1
246,20260420,1
246,20260427,1
246,20260414,1
246,20260421,1
246,20260428,1
246,20251210,1
246,20260415,1
246,20260422,1
246,20260429,1
246,20251211,1
246,20260416,1
246,20260423,1
246,20260430,1
247,20251210,1
247,20260415,1
247,20260422,1
247,20260429,1
248,20251210,2
248,20251224,2
248,20251231,2
248,20260218,2
248,20260401,2
248,20260408,2
248,20260415,2
248,20260422,2
248,20260429,2
249,20260413,1
249,20260420,1
249,20260427,1
249,20260414,1
249,20260421,1
249,20260428,1
249,20251211,1
249,20260416,1
249,20260423,1
249,20260430,1
249,20251212,1
249,20260417,1
249,20260424,1
250,20251222,2
250,20251229,2
250,20260216,2
250,20260330,2
250,20260406,2
250,20260413,2
250,20260420,2
250,20260427,2
250,20251223,2
250,20251230,2
250,20260217,2
250,20260331,2
250,20260407,2
250,20260414,2
250,20260421,2
250,20260428,2
250,20251211,2
250,20251225,2
250,20260101,2
250,20260219,2
250,20260402,2
250,20260409,2
250,20260416,2
250,20260423,2
250,20260430,2
250,20251212,2
250,20251226,2
250,20260102,2
250,20260220,2
250,20260403,2
250,20260410,2
250,20260417,2
250,20260424,2
251,20251222,2
251,20251229,2
251,20260216,2
251,20260330,2
251,20260406,2
251,20251224,2
251,20251231,2
251,20260218,2
251,20260401,2
251,20260408,2
251,20251225,2
251,20260101,2
251,20260219,2
251,20260402,2
251,20260409,2
251,20251226,2
251,20260102,2
251,20260220,2
251,20260403,2
251,20260410,2
252,20251222,2
252,20251229,2
252,20260216,2
252,20260330,2
252,20260406,2
252,20251224,2
252,20251231,2
252,20260218,2
252,20260401,2
252,20260408,2
253,20260413,1
253,20260420,1
253,20260427,1
253,20260407,1
253,20260414,1
253,20260421,1
253,20260428,1
253,20251210,1
253,20260401,1
253,20260408,1
253,20260415,1
253,20260422,1
253,20260429,1
253,20251211,1
253,20260402,1
253,20260409,1
253,20260416,1
253,20260423,1
253,20260430,1
253,20251212,1
253,20260403,1
253,20260410,1
253,20260417,1
253,20260424,1
253,20251213,1
253,20260404,1
253,20260411,1
253,20260418,1
253,20260425,1
254,20260406,2
254,20260413,2
254,20260420,2
254,20260427,2
254,20260407,2
254,20260414,2
254,20260421,2
254,20260428,2
254,20251210,2
254,20260401,2
254,20260408,2
254,20260415,2
254,20260422,2
254,20260429,2
254,20251211,2
254,20251225,2
254,20260101,2
254,20260402,2
254,20260409,2
254,20260416,2
254,20260423,2
254,20260430,2
254,20251212,2
254,20251226,2
254,20260403,2
254,20260410,2
254,20260417,2
254,20260424,2
254,20251213,2
254,20260404,2
254,20260411,2
254,20260418,2
254,20260425,2
255,20260406,1
255,20251213,1
255,20260404,1
255,20260411,1
255,20260418,1
255,20260425,1
255,20260405,1
255,20260412,1
255,20260419,1
255,20260426,1
256,20251225,1
256,20260101,1
256,20251226,1
256,20251213,2
256,20260404,2
256,20260411,2
256,20260418,2
256,20260425,2
256,20260405,2
256,20260412,2
256,20260419,2
256,20260426,2
257,20260413,1
257,20260420,1
257,20260427,1
257,20260407,1
257,20260414,1
257,20260421,1
257,20260428,1
257,20251210,1
257,20260401,1
257,20260408,1
257,20260415,1
257,20260422,1
257,20260429,1
257,20251211,1
257,20260402,1
257,20260409,1
257,20260416,1
257,20260423,1
257,20260430,1
257,20251212,1
257,20260403,1
257,20260410,1
257,20260417,1
257,20260424,1
258,20260406,2
258,20260413,2
258,20260420,2
258,20260427,2
258,20260407,2
258,20260414,2
258,20260421,2
258,20260428,2
258,20251210,2
258,20260401,2
258,20260408,2
258,20260415,2
258,20260422,2
258,20260429,2
258,20251211,2
258,20251225,2
258,20260101,2
258,20260402,2
258,20260409,2
258,20260416,2
258,20260423,2
258,20260430,2
258,20251212,2
258,20251226,2
258,20260403,2
258,20260410,2
258,20260417,2
258,20260424,2
259,20251213,1
259,20260404,1
259,20260411,1
259,20260418,1
259,20260425,1
260,20251213,2
260,20260404,2
260,20260411,2
260,20260418,2
260,20260425,2
261,20260413,1
261,20260420,1
261,20260427,1
261,20260407,1
261,20260414,1
261,20260421,1
261,20260428,1
261,20260401,1
261,20260408,1
261,20260415,1
261,20260422,1
261,20260429,1
261,20260402,1
261,20260409,1
261,20260416,1
261,20260423,1
261,20260430,1
261,20260403,1
261,20260410,1
261,20260417,1
261,20260424,1
261,20260404,1
261,20260411,1
261,20260418,1
261,20260425,1
262,20260404,1
262,20260411,1
262,20260418,1
262,20260425,1
263,20260413,1
263,20260420,1
263,20260427,1
263,20260407,1
263,20260414,1
263,20260421,1
263,20260428,1
263,20260401,1
263,20260408,1
263,20260415,1
263,20260422,1
263,20260429,1
263,20260402,1
263,20260409,1
263,20260416,1
263,20260423,1
263,20260430,1
263,20260403,1
263,20260410,1
263,20260417,1
263,20260424,1
264,20260406,1
264,20260404,1
264,20260411,1
264,20260418,1
264,20260425,1
264,20260405,1
264,20260412,1
264,20260419,1
264,20260426,1
265,20260406,1
265,20260405,1
265,20260412,1
265,20260419,1
265,20260426,1
266,20251225,1
266,20260101,1
266,20251226,1
266,20260405,2
266,20260412,2
266,20260419,2
266,20260426,2
268,20260406,2
268,20251225,2
268,20260101,2
269,20251226,2
270,20260406,2
270,20251225,2
270,20260101,2
271,20251215,2
271,20251222,2
271,20251229,2
271,20260406,2
271,20251216,2
271,20251223,2
271,20251230,2
271,20251210,2
271,20251217,2
271,20251224,2
271,20251231,2
271,20251211,2
271,20251218,2
271,20251225,2
271,20260101,2
271,20251212,2
271,20251219,2
271,20251226,2
271,20260102,2
271,20251213,2
271,20251220,2
271,20251227,2
271,20260103,2
272,20251215,1
272,20251222,1
272,20251229,1
272,20251216,1
272,20251223,1
272,20251230,1
272,20251210,1
272,20251217,1
272,20251224,1
272,20251231,1
272,20251211,1
272,20251218,1
272,20251212,1
272,20251219,1
272,20260102,1
272,20251213,1
272,20251220,1
272,20251227,1
272,20260103,1
273,20260406,1
273,20251214,2
273,20251221,2
273,20251228,2
274,20251225,1
274,20260101,1
274,20251226,1
274,20251214,1
274,20251221,1
274,20251228,1
275,20251215,2
275,20251222,2
275,20251229,2
275,20251216,2
275,20251223,2
275,20251230,2
275,20251210,2
275,20251217,2
275,20251224,2
275,20251231,2
275,20251211,2
275,20251218,2
275,20251225,2
275,20260101,2
275,20251212,2
275,20251219,2
275,20251226,2
275,20260102,2
275,20251213,2
275,20251220,2
275,20251227,2
275,20260103,2
275,20251214,2
275,20251221,2
275,20251228,2
276,20251215,1
276,20251222,1
276,20251229,1
276,20251216,1
276,20251223,1
276,20251230,1
276,20251210,1
276,20251217,1
276,20251224,1
276,20251231,1
276,20251211,1
276,20251218,1
276,20251225,1
276,20260101,1
276,20251212,1
276,20251219,1
276,20251226,1
276,20260102,1
276,20251213,1
276,20251220,1
276,20251227,1
276,20260103,1
276,20251214,1
276,20251221,1
276,20251228,1
277,20251215,2
277,20251222,2
277,20251229,2
277,20260406,2
277,20251216,2
277,20251223,2
277,20251230,2
277,20251210,2
277,20251217,2
277,20251224,2
277,20251231,2
277,20251211,2
277,20251218,2
277,20251225,2
277,20260101,2
277,20251212,2
277,20251219,2
277,20251226,2
278,20251215,1
278,20251222,1
278,20251229,1
278,20251216,1
278,20251223,1
278,20251230,1
278,20251217,1
278,20251224,1
278,20251231,1
278,20251218,1
278,20251219,1
279,20251215,2
279,20251222,2
279,20251229,2
279,20260406,2
279,20251216,2
279,20251223,2
279,20251230,2
279,20251210,2
279,20251217,2
279,20251224,2
279,20251231,2
279,20251211,2
279,20251218,2
279,20251225,2
279,20260101,2
279,20251212,2
279,20251219,2
279,20251226,2
279,20251213,2
279,20251220,2
279,20251227,2
280,20251215,1
280,20251222,1
280,20251229,1
280,20251216,1
280,20251223,1
280,20251230,1
280,20251217,1
280,20251224,1
280,20251231,1
280,20251218,1
280,20251219,1
280,20251220,1
280,20251227,1
281,20251215,2
281,20251222,2
281,20251229,2
281,20251216,2
281,20251223,2
281,20251230,2
281,20251210,2
281,20251217,2
281,20251224,2
281,20251231,2
281,20251211,2
281,20251218,2
281,20251225,2
281,20251212,2
281,20251219,2
281,20251226,2
281,20251213,2
281,20251220,2
281,20251227,2
281,20251214,2
281,20251221,2
281,20251228,2
282,20251215,1
282,20251222,1
282,20251229,1
282,20251216,1
282,20251223,1
282,20251230,1
282,20251217,1
282,20251224,1
282,20251231,1
282,20251218,1
282,20251225,1
282,20251219,1
282,20251226,1
282,20251220,1
282,20251227,1
282,20251214,1
282,20251221,1
282,20251228,1
283,20260406,1
283,20260101,1
283,20251214,2
283,20251221,2
283,20251228,2
284,20251225,1
284,20251226,1
284,20251214,1
284,20251221,1
284,20251228,1
285,20251210,2
285,20251211,2
285,20251212,2
286,20260124,1
287,20260124,1
287,20260125,1
288,20260112,1
288,20260119,1
288,20260113,1
288,20260120,1
288,20260114,1
288,20260121,1
288,20260115,1
288,20260122,1
289,20260112,1
289,20260119,1
289,20260113,1
289,20260120,1
289,20260114,1
289,20260121,1
289,20260115,1
289,20260122,1
289,20260110,1
289,20260314,1
289,20260321,1
289,20260418,1
289,20260425,1
289,20260111,1
289,20260315,1
289,20260322,1
289,20260419,1
289,20260426,1
290,20260109,1
290,20260313,1
290,20260320,1
290,20260110,1
290,20260314,1
290,20260321,1
290,20260418,1
290,20260425,1
291,20260112,1
291,20260119,1
291,20260126,1
291,20260202,1
291,20260209,1
291,20260223,1
291,20260302,1
291,20260113,1
291,20260120,1
291,20260127,1
291,20260203,1
291,20260210,1
291,20260224,1
291,20260303,1
291,20260114,1
291,20260121,1
291,20260128,1
291,20260204,1
291,20260211,1
291,20260225,1
291,20260304,1
291,20260115,1
291,20260122,1
291,20260129,1
291,20260205,1
291,20260212,1
291,20260226,1
291,20260305,1
291,20260110,1
291,20260314,1
291,20260321,1
291,20260418,1
291,20260425,1
291,20260111,1
291,20260315,1
291,20260322,1
291,20260419,1
291,20260426,1
292,20260112,1
292,20260119,1
292,20260126,1
292,20260202,1
292,20260209,1
292,20260223,1
292,20260302,1
292,20260113,1
292,20260120,1
292,20260127,1
292,20260203,1
292,20260210,1
292,20260224,1
292,20260303,1
292,20260114,1
292,20260121,1
292,20260128,1
292,20260204,1
292,20260211,1
292,20260225,1
292,20260304,1
292,20260115,1
292,20260122,1
292,20260129,1
292,20260205,1
292,20260212,1
292,20260226,1
292,20260305,1
293,20260321,1
293,20260418,1
293,20260425,1
293,20260322,1
293,20260419,1
293,20260426,1
294,20260110,1
294,20260314,1
294,20260111,1
294,20260315,1
295,20260112,1
295,20260119,1
295,20260113,1
295,20260120,1
295,20260114,1
295,20260121,1
295,20260115,1
295,20260122,1
295,20260110,1
295,20260314,1
295,20260111,1
295,20260315,1
296,20260126,1
296,20260202,1
296,20260209,1
296,20260223,1
296,20260302,1
296,20260127,1
296,20260203,1
296,20260210,1
296,20260224,1
296,20260303,1
296,20260128,1
296,20260204,1
296,20260211,1
296,20260225,1
296,20260304,1
296,20260129,1
296,20260205,1
296,20260212,1
296,20260226,1
296,20260305,1
297,20260216,1
297,20260330,1
297,20260217,1
297,20260331,1
297,20260407,1
297,20260218,1
297,20260401,1
297,20260408,1
297,20260219,1
297,20260402,1
297,20260409,1
297,20260220,1
297,20260403,1
297,20260410,1
298,20260216,1
298,20260330,1
298,20260406,1
298,20260217,1
298,20260331,1
298,20260407,1
298,20260218,1
298,20260401,1
298,20260408,1
298,20260219,1
298,20260402,1
298,20260409,1
298,20260220,1
298,20260403,1
298,20260410,1
298,20260214,1
298,20260221,1
298,20260328,1
298,20260404,1
298,20260411,1
298,20260215,1
298,20260222,1
298,20260329,1
298,20260405,1
298,20260412,1
299,20260330,1
299,20260406,1
299,20260331,1
299,20260407,1
299,20260401,1
299,20260408,1
299,20260402,1
299,20260409,1
299,20260403,1
299,20260410,1
299,20260328,1
299,20260404,1
299,20260411,1
299,20260329,1
299,20260405,1
299,20260412,1
300,20260328,1
300,20260404,1
300,20260411,1
301,20260117,1
301,20260124,1
301,20260131,1
301,20260207,1
301,20260118,1
301,20260125,1
301,20260201,1
301,20260208,1
302,20260216,1
302,20260330,1
302,20260406,1
302,20260217,1
302,20260331,1
302,20260407,1
302,20260218,1
302,20260401,1
302,20260408,1
302,20260219,1
302,20260402,1
302,20260409,1
302,20260220,1
302,20260403,1
302,20260410,1
302,20260328,1
302,20260404,1
302,20260411,1
302,20260329,1
302,20260405,1
302,20260412,1
303,20251220,2
303,20251227,2
303,20260103,2
303,20260411,2
303,20260418,2
303,20260425,2
304,20251220,1
304,20251227,1
304,20260103,1
304,20260411,1
304,20260418,1
304,20260425,1
305,20260406,1
305,20260425,1
305,20251214,2
305,20260111,2
305,20260118,2
305,20260125,2
305,20260201,2
305,20260208,2
305,20260215,2
305,20260222,2
305,20260301,2
305,20260308,2
306,20260406,2
306,20260425,2
306,20251221,2
306,20251228,2
306,20260104,2
306,20260315,2
306,20260322,2
306,20260329,2
306,20260405,2
306,20260412,2
306,20260419,2
306,20260426,2
307,20260216,1
307,20260330,1
307,20260217,1
307,20260331,1
307,20260407,1
307,20260218,1
307,20260401,1
307,20260408,1
307,20260219,1
307,20260402,1
307,20260409,1
307,20260220,1
307,20260403,1
307,20260410,1
307,20260214,1
307,20260221,1
307,20260328,1
307,20260404,1
307,20260411,1
308,20260406,1
308,20260214,1
308,20260221,1
308,20260328,1
308,20260404,1
308,20260411,1
308,20260215,1
308,20260222,1
308,20260329,1
308,20260405,1
308,20260412,1
309,20260322,1
310,20260321,1
311,20251215,1
311,20251216,1
311,20251210,1
311,20251217,1
311,20251211,1
311,20251218,1
311,20251212,1
312,20251219,1
313,20251212,1
313,20251219,1
314,20251215,1
314,20251216,1
314,20251210,1
314,20251217,1
314,20251211,1
314,20251218,1
315,20251215,1
315,20251216,1
315,20251210,1
315,20251211,1
315,20251212,1
316,20251210,1
316,20251217,1
317,20251215,1
317,20251216,1
317,20251211,1
317,20251218,1
317,20251212,1
317,20251219,1
318,20251211,1
318,20251218,1
318,20251212,1
318,20251219,1
319,20260101,1
319,20251226,1
319,20251214,1
319,20251221,1
319,20251228,1
320,20251215,1
320,20251222,1
320,20251229,1
320,20251216,1
320,20251223,1
320,20251230,1
320,20251210,1
320,20251217,1
320,20251231,1
320,20251211,1
320,20251218,1
320,20251212,1
320,20251219,1
320,20260102,1
320,20251213,1
320,20251220,1
320,20251227,1
320,20260103,1
321,20251215,1
321,20251222,1
321,20251229,1
321,20251216,1
321,20251223,1
321,20251230,1
321,20251210,1
321,20251217,1
321,20251231,1
321,20251211,1
321,20251218,1
321,20251225,1
321,20260101,1
321,20251212,1
321,20251219,1
321,20251226,1
321,20260102,1
321,20251213,1
321,20251220,1
321,20251227,1
321,20260103,1
321,20251214,1
321,20251221,1
321,20251228,1
322,20251215,1
322,20251222,1
322,20251216,1
322,20251217,1
322,20251218,1
322,20251219,1
322,20251220,1
323,20251229,1
323,20251223,1
323,20251230,1
323,20251210,1
323,20251224,1
323,20251231,1
323,20251211,1
323,20251212,1
323,20260102,1
323,20251213,1
323,20251227,1
323,20260103,1
324,20251214,1
324,20251221,1
325,20251225,1
325,20260101,1
325,20251226,1
325,20251228,1
326,20251229,1
326,20251223,1
326,20251230,1
326,20251210,1
326,20251231,1
326,20251211,1
326,20251212,1
326,20260102,1
326,20251213,1
326,20251227,1
326,20260103,1
327,20251213,1
327,20251220,1
327,20251227,1
327,20260103,1
328,20251215,1
328,20251222,1
328,20251229,1
328,20251216,1
328,20251223,1
328,20251230,1
328,20251210,1
328,20251217,1
328,20251224,1
328,20251231,1
328,20251211,1
328,20251218,1
328,20251212,1
328,20251219,1
328,20260102,1
329,20251215,1
329,20251222,1
329,20251229,1
329,20251216,1
329,20251223,1
329,20251230,1
329,20251210,1
329,20251217,1
329,20251224,1
329,20251231,1
329,20251211,1
329,20251218,1
329,20260101,1
329,20251212,1
329,20251219,1
329,20251226,1
329,20260102,1
329,20251213,1
329,20251220,1
329,20251227,1
329,20260103,1
329,20251214,1
329,20251221,1
329,20251228,1
330,20251215,1
330,20251222,1
330,20251216,1
330,20251210,1
330,20251217,1
330,20251211,1
330,20251218,1
330,20251212,1
330,20251219,1
330,20251213,1
330,20251220,1
330,20251214,1
330,20251221,1
331,20251229,1
331,20251223,1
331,20251230,1
331,20251224,1
331,20251231,1
331,20260101,1
331,20251226,1
331,20260102,1
331,20251227,1
331,20260103,1
331,20251228,1
332,20251215,1
332,20251222,1
332,20251216,1
332,20251210,1
332,20251217,1
332,20251211,1
332,20251218,1
332,20251212,1
332,20251219,1
332,20251213,1
332,20251220,1
333,20251229,1
333,20251223,1
333,20251230,1
333,20251224,1
333,20251231,1
333,20260102,1
333,20251227,1
333,20260103,1
334,20260101,1
334,20251226,1
334,20251228,1
335,20251229,1
335,20251223,1
335,20251230,1
335,20251231,1
335,20251225,1
335,20260101,1
335,20251226,1
335,20260102,1
335,20251227,1
335,20260103,1
335,20251228,1
336,20251229,1
336,20251223,1
336,20251230,1
336,20251231,1
336,20260102,1
336,20251227,1
336,20260103,1
337,20251215,1
337,20251222,1
337,20251216,1
337,20251217,1
337,20251218,1
337,20251219,1
337,20251213,1
337,20251220,1
338,20251219,2
338,20251226,2
338,20260102,2
338,20260109,2
338,20260116,2
338,20260123,2
338,20260130,2
338,20260206,2
338,20260213,2
338,20260220,2
339,20251220,2
339,20251227,2
339,20260103,2
339,20260110,2
339,20260117,2
339,20260124,2
339,20260131,2
339,20260207,2
339,20260214,2
339,20260221,2
340,20251226,1
340,20251213,2
340,20260228,2
340,20260307,2
340,20260314,2
340,20260321,2
340,20260328,2
340,20260404,2
340,20260411,2
340,20260418,2
340,20260425,2
341,20251219,1
341,20260102,1
341,20260109,1
341,20260116,1
341,20260123,1
341,20260130,1
341,20260206,1
341,20260213,1
341,20260220,1
342,20251225,1
342,20260101,1
342,20251226,1
343,20251224,2
343,20251225,2
343,20260101,2
343,20251226,2
344,20251225,2
344,20260101,2
344,20251226,2
345,20251225,1
345,20260101,1
345,20251226,1
346,20251224,2
346,20251225,2
346,20260101,2
346,20251226,2
347,20251224,2
348,20251231,1
350,20251215,1
350,20260105,1
350,20260112,1
350,20260119,1
350,20260126,1
350,20260202,1
350,20260209,1
350,20260216,1
350,20251216,1
350,20260106,1
350,20260113,1
350,20260120,1
350,20260127,1
350,20260203,1
350,20260210,1
350,20260217,1
350,20251217,1
350,20260107,1
350,20260114,1
350,20260121,1
350,20260128,1
350,20260204,1
350,20260211,1
350,20260218,1
350,20251218,1
350,20260108,1
350,20260115,1
350,20260122,1
350,20260129,1
350,20260205,1
350,20260212,1
350,20260219,1
350,20251219,1
350,20260102,1
350,20260109,1
350,20260116,1
350,20260123,1
350,20260130,1
350,20260206,1
350,20260213,1
350,20260220,1
351,20260105,1
351,20260112,1
351,20260119,1
351,20260126,1
351,20260106,1
351,20260113,1
351,20260120,1
351,20260127,1
351,20260107,1
351,20260114,1
351,20260121,1
351,20260128,1
351,20260108,1
351,20260115,1
351,20260122,1
351,20260129,1
351,20260109,1
351,20260116,1
351,20260123,1
351,20260130,1
352,20251216,1
352,20260106,1
352,20260113,1
352,20260120,1
352,20260127,1
352,20260203,1
352,20260210,1
352,20260217,1
352,20251218,1
352,20260108,1
352,20260115,1
352,20260122,1
352,20260129,1
352,20260205,1
352,20260212,1
352,20260219,1
353,20251215,1
353,20260105,1
353,20260112,1
353,20260119,1
353,20260126,1
353,20260202,1
353,20260209,1
353,20260216,1
353,20251217,1
353,20260107,1
353,20260114,1
353,20260121,1
353,20260128,1
353,20260204,1
353,20260211,1
353,20260218,1
353,20251219,1
353,20260102,1
353,20260109,1
353,20260116,1
353,20260123,1
353,20260130,1
353,20260206,1
353,20260213,1
353,20260220,1
354,20251216,1
354,20260106,1
354,20260113,1
354,20260120,1
354,20260127,1
354,20260203,1
354,20260210,1
354,20260217,1
354,20251218,1
354,20260108,1
354,20260115,1
354,20260122,1
354,20260129,1
354,20260205,1
354,20260212,1
354,20260219,1
354,20251219,1
354,20260102,1
354,20260109,1
354,20260116,1
354,20260123,1
354,20260130,1
354,20260206,1
354,20260213,1
354,20260220,1
355,20251215,2
355,20251222,2
355,20251229,2
355,20260105,2
355,20260112,2
355,20260119,2
355,20260126,2
355,20260202,2
355,20260209,2
355,20260216,2
355,20251216,2
355,20251223,2
355,20251230,2
355,20260106,2
355,20260113,2
355,20260120,2
355,20260127,2
355,20260203,2
355,20260210,2
355,20260217,2
355,20251217,2
355,20251224,2
355,20251231,2
355,20260107,2
355,20260114,2
355,20260121,2
355,20260128,2
355,20260204,2
355,20260211,2
355,20260218,2
355,20251218,2
355,20251225,2
355,20260101,2
355,20260108,2
355,20260115,2
355,20260122,2
355,20260129,2
355,20260205,2
355,20260212,2
355,20260219,2
355,20251219,2
355,20251226,2
355,20260102,2
355,20260109,2
355,20260116,2
355,20260123,2
355,20260130,2
355,20260206,2
355,20260213,2
355,20260220,2
356,20251213,2
356,20260228,2
356,20260307,2
356,20260314,2
356,20260321,2
356,20260328,2
356,20260404,2
356,20260411,2
356,20260418,2
356,20260425,2
357,20260223,2
357,20260302,2
357,20260309,2
357,20260316,2
357,20260323,2
357,20260330,2
357,20260406,2
357,20260413,2
357,20260420,2
357,20260427,2
357,20260224,2
357,20260303,2
357,20260310,2
357,20260317,2
357,20260324,2
357,20260331,2
357,20260407,2
357,20260414,2
357,20260421,2
357,20260428,2
357,20251217,1
357,20251224,1
357,20251231,1
357,20260107,1
357,20260114,1
357,20260121,1
357,20260128,1
357,20260204,1
357,20260211,1
357,20260218,1
357,20251218,1
357,20260108,1
357,20260115,1
357,20260122,1
357,20260129,1
357,20260205,1
357,20260212,1
357,20260219,1
357,20251219,1
357,20260102,1
357,20260109,1
357,20260116,1
357,20260123,1
357,20260130,1
357,20260206,1
357,20260213,1
357,20260220,1
358,20251221,2
358,20251228,2
358,20260104,2
358,20260111,2
358,20260118,2
358,20260125,2
358,20260201,2
358,20260208,2
358,20260215,2
359,20251225,1
359,20260101,1
359,20251226,1
359,20251221,1
359,20251228,1
359,20260104,1
359,20260111,1
359,20260118,1
359,20260125,1
359,20260201,1
359,20260208,1
359,20260215,1
360,20260223,2
360,20260302,2
360,20260309,2
360,20260316,2
360,20260323,2
360,20260330,2
360,20260406,2
360,20260413,2
360,20260420,2
360,20260427,2
360,20260224,2
360,20260303,2
360,20260310,2
360,20260317,2
360,20260324,2
360,20260331,2
360,20260407,2
360,20260414,2
360,20260421,2
360,20260428,2
360,20251217,1
360,20251231,1
360,20260107,1
360,20260114,1
360,20260121,1
360,20260128,1
360,20260204,1
360,20260211,1
360,20260218,1
360,20251218,1
360,20260108,1
360,20260115,1
360,20260122,1
360,20260129,1
360,20260205,1
360,20260212,1
360,20260219,1
360,20251219,1
360,20260102,1
360,20260109,1
360,20260116,1
360,20260123,1
360,20260130,1
360,20260206,1
360,20260213,1
360,20260220,1
361,20251226,1
361,20251221,1
361,20251228,1
361,20260104,1
361,20260111,1
361,20260118,1
361,20260125,1
361,20260201,1
361,20260208,1
361,20260215,1
362,20251225,2
362,20260101,2
362,20251226,2
363,20251226,1
364,20251226,1
365,20251225,1
365,20260101,1
366,20251225,2
366,20260101,2
367,20251224,2
368,20251225,2
368,20260101,2
369,20251222,1
369,20251229,1
369,20260216,1
369,20260330,1
369,20251223,1
369,20251230,1
369,20260217,1
369,20260331,1
369,20260407,1
369,20251224,1
369,20260218,1
369,20260401,1
369,20260408,1
369,20260219,1
369,20260402,1
369,20260409,1
369,20260102,1
369,20260220,1
369,20260403,1
369,20260410,1
370,20251222,2
370,20251229,2
370,20260216,2
370,20260330,2
370,20260406,2
370,20251223,2
370,20251230,2
370,20260217,2
370,20260331,2
370,20260407,2
370,20251224,2
370,20260218,2
370,20260401,2
370,20260408,2
370,20251225,2
370,20260101,2
370,20260219,2
370,20260402,2
370,20260409,2
370,20251226,2
370,20260102,2
370,20260220,2
370,20260403,2
370,20260410,2
371,20251222,2
371,20251229,2
371,20260216,2
371,20260330,2
371,20260406,2
371,20251223,2
371,20251230,2
371,20260217,2
371,20260331,2
371,20260407,2
371,20251224,2
371,20260218,2
371,20260401,2
371,20260408,2
371,20251225,2
371,20260101,2
371,20260219,2
371,20260402,2
371,20260409,2
371,20251226,2
371,20260102,2
371,20260220,2
371,20260403,2
371,20260410,2
372,20251222,1
372,20251229,1
372,20260216,1
372,20260330,1
372,20251223,1
372,20251230,1
372,20260217,1
372,20260331,1
372,20260407,1
372,20260218,1
372,20260401,1
372,20260408,1
372,20260219,1
372,20260402,1
372,20260409,1
372,20260102,1
372,20260220,1
372,20260403,1
372,20260410,1
373,20251225,2
374,20260406,1
374,20260101,1
374,20251226,1
375,20251222,1
375,20251229,1
375,20260216,1
375,20260330,1
375,20260406,1
375,20251223,1
375,20251230,1
375,20260217,1
375,20260331,1
375,20260407,1
375,20251224,1
375,20260218,1
375,20260401,1
375,20260408,1
375,20251225,1
375,20260101,1
375,20260219,1
375,20260402,1
375,20260409,1
375,20251226,1
375,20260102,1
375,20260220,1
375,20260403,1
375,20260410,1
376,20251222,1
376,20251229,1
376,20260216,1
376,20260330,1
376,20251223,1
376,20251230,1
376,20260217,1
376,20260331,1
376,20260407,1
376,20251224,1
376,20260218,1
376,20260401,1
376,20260408,1
376,20260219,1
376,20260402,1
376,20260409,1
376,20260102,1
376,20260220,1
376,20260403,1
376,20260410,1
377,20260406,1
377,20251225,1
377,20260101,1
377,20251226,1
377,20251214,2
377,20251221,2
377,20251228,2
377,20260104,2
378,20251214,1
378,20251221,1
378,20251228,1
378,20260104,1
379,20251222,1
379,20251229,1
379,20260216,1
379,20260330,1
379,20260406,1
379,20251223,1
379,20251230,1
379,20260217,1
379,20260331,1
379,20260407,1
379,20251224,1
379,20260218,1
379,20260401,1
379,20260408,1
379,20251225,1
379,20260101,1
379,20260219,1
379,20260402,1
379,20260409,1
379,20251226,1
379,20260102,1
379,20260220,1
379,20260403,1
379,20260410,1
380,20251222,1
380,20251229,1
380,20260216,1
380,20260330,1
380,20260406,1
380,20251223,1
380,20251230,1
380,20260217,1
380,20260331,1
380,20260407,1
380,20251224,1
380,20260218,1
380,20260401,1
380,20260408,1
380,20251225,1
380,20260101,1
380,20260219,1
380,20260402,1
380,20260409,1
380,20251226,1
380,20260102,1
380,20260220,1
380,20260403,1
380,20260410,1
380,20251214,2
380,20251221,2
380,20251228,2
380,20260104,2
381,20251222,1
381,20251229,1
381,20260216,1
381,20260330,1
381,20251223,1
381,20251230,1
381,20260217,1
381,20260331,1
381,20260407,1
381,20251224,1
381,20260218,1
381,20260401,1
381,20260408,1
381,20260219,1
381,20260402,1
381,20260409,1
381,20260102,1
381,20260220,1
381,20260403,1
381,20260410,1
381,20251214,1
381,20251221,1
381,20251228,1
381,20260104,1
382,20260406,1
382,20251225,1
382,20260101,1
382,20251226,1
382,20251214,2
382,20251221,2
382,20251228,2
382,20260104,2
383,20251224,1
384,20260406,2
384,20251224,2
384,20251231,2
384,20251225,2
384,20260101,2
384,20251226,2
385,20251225,1
386,20251224,2
386,20251231,2
386,20251225,2
387,20251231,1
387,20251225,1
388,20251222,2
388,20251229,2
388,20260216,2
388,20260330,2
388,20251223,2
388,20251230,2
388,20260217,2
388,20260331,2
388,20260407,2
388,20251224,2
388,20260218,2
388,20260401,2
388,20260408,2
388,20251225,2
388,20260219,2
388,20260402,2
388,20260409,2
388,20260102,2
388,20260220,2
388,20260403,2
388,20260410,2
389,20251222,2
389,20251229,2
389,20260216,2
389,20260330,2
389,20251223,2
389,20251230,2
389,20260217,2
389,20260331,2
389,20260407,2
389,20251224,2
389,20260218,2
389,20260401,2
389,20260408,2
389,20260219,2
389,20260402,2
389,20260409,2
389,20260102,2
389,20260220,2
389,20260403,2
389,20260410,2
390,20251222,2
390,20251229,2
390,20260216,2
390,20260330,2
390,20260406,2
390,20251223,2
390,20251230,2
390,20260217,2
390,20260331,2
390,20260407,2
390,20251224,2
390,20260218,2
390,20260401,2
390,20260408,2
390,20251225,2
390,20260101,2
390,20260219,2
390,20260402,2
390,20260409,2
390,20251226,2
390,20260102,2
390,20260220,2
390,20260403,2
390,20260410,2
390,20251214,1
390,20251221,1
390,20251228,1
390,20260104,1
391,20251214,1
391,20251221,1
391,20251228,1
391,20260104,1
392,20251222,2
392,20251229,2
392,20260216,2
392,20260330,2
392,20251223,2
392,20251230,2
392,20260217,2
392,20260331,2
392,20260407,2
392,20251224,2
392,20260218,2
392,20260401,2
392,20260408,2
392,20260219,2
392,20260402,2
392,20260409,2
392,20260102,2
392,20260220,2
392,20260403,2
392,20260410,2
393,20251231,1
394,20251222,2
394,20251229,2
394,20260216,2
394,20260330,2
394,20260406,2
394,20251223,2
394,20251230,2
394,20260217,2
394,20260331,2
394,20260407,2
394,20251224,2
394,20251231,2
394,20260218,2
394,20260401,2
394,20260408,2
394,20251225,2
394,20260101,2
394,20260219,2
394,20260402,2
394,20260409,2
394,20251226,2
394,20260102,2
394,20260220,2
394,20260403,2
394,20260410,2
395,20251222,2
395,20251229,2
395,20260216,2
395,20260330,2
395,20251223,2
395,20251230,2
395,20260217,2
395,20260331,2
395,20260407,2
395,20251224,2
395,20251231,2
395,20260218,2
395,20260401,2
395,20260408,2
395,20260219,2
395,20260402,2
395,20260409,2
395,20260102,2
395,20260220,2
395,20260403,2
395,20260410,2
